<!DOCTYPE html>
<html lang="en">
<head>
  <meta charset="UTF-8">
<meta name="viewport" content="width=device-width">
<meta name="theme-color" content="#222"><meta name="generator" content="Hexo 5.4.2">

  <link rel="apple-touch-icon" sizes="180x180" href="/images/apple-touch-icon-next.png">
  <link rel="icon" type="image/png" sizes="32x32" href="/images/favicon-32x32-next.png">
  <link rel="icon" type="image/png" sizes="16x16" href="/images/favicon-16x16-next.png">
  <link rel="mask-icon" href="/images/logo.svg" color="#222">

<link rel="stylesheet" href="/css/main.css">

<link rel="stylesheet" href="https://fonts.lug.ustc.edu.cn/css?family=Noto+Serif+SC:300,300italic,400,400italic,700,700italic&display=swap&subset=latin,latin-ext">

<link rel="stylesheet" href="https://cdnjs.cloudflare.com/ajax/libs/font-awesome/6.2.1/css/all.min.css" integrity="sha256-Z1K5uhUaJXA7Ll0XrZ/0JhX4lAtZFpT6jkKrEDT0drU=" crossorigin="anonymous">
  <link rel="stylesheet" href="https://cdnjs.cloudflare.com/ajax/libs/animate.css/3.1.1/animate.min.css" integrity="sha256-PR7ttpcvz8qrF57fur/yAx1qXMFJeJFiA6pSzWi0OIE=" crossorigin="anonymous">
  <link rel="stylesheet" href="https://cdnjs.cloudflare.com/ajax/libs/pace/1.2.4/themes/blue/pace-theme-minimal.css">
  <script src="https://cdnjs.cloudflare.com/ajax/libs/pace/1.2.4/pace.min.js" integrity="sha256-gqd7YTjg/BtfqWSwsJOvndl0Bxc8gFImLEkXQT8+qj0=" crossorigin="anonymous"></script>

<script class="next-config" data-name="main" type="application/json">{"hostname":"example.com","root":"/","images":"/images","scheme":"Gemini","darkmode":false,"version":"8.14.1","exturl":false,"sidebar":{"position":"left","display":"post","padding":18,"offset":12},"copycode":{"enable":false,"style":null},"bookmark":{"enable":false,"color":"#222","save":"auto"},"mediumzoom":false,"lazyload":false,"pangu":false,"comments":{"style":"tabs","active":null,"storage":true,"lazyload":false,"nav":null},"stickytabs":false,"motion":{"enable":true,"async":false,"transition":{"menu_item":"fadeInDown","post_block":"fadeIn","post_header":"fadeInDown","post_body":"fadeInDown","coll_header":"fadeInLeft","sidebar":"fadeInUp"}},"prism":false,"i18n":{"placeholder":"Searching...","empty":"We didn't find any results for the search: ${query}","hits_time":"${hits} results found in ${time} ms","hits":"${hits} results found"},"path":"/search.json","localsearch":{"enable":true,"trigger":"auto","top_n_per_article":1,"unescape":false,"preload":false}}</script><script src="/js/config.js"></script>

    <meta name="description" content="einops库介绍介绍einops是一个灵活且强大的操作张量的库，支持numpy，pytorch，TensorFlow，jax等。下面介绍一些三个常用的函数：rearrange，reduce, repeat。 安装使用pip进行安装 1pip install einops">
<meta property="og:type" content="article">
<meta property="og:title" content="einops库介绍">
<meta property="og:url" content="http://example.com/2023/08/22/einops%E5%BA%93%E4%BB%8B%E7%BB%8D/index.html">
<meta property="og:site_name" content="Coder4nlp&#39;s Blog">
<meta property="og:description" content="einops库介绍介绍einops是一个灵活且强大的操作张量的库，支持numpy，pytorch，TensorFlow，jax等。下面介绍一些三个常用的函数：rearrange，reduce, repeat。 安装使用pip进行安装 1pip install einops">
<meta property="og:locale" content="en_US">
<meta property="article:published_time" content="2023-08-22T15:44:49.000Z">
<meta property="article:modified_time" content="2023-10-15T15:53:35.458Z">
<meta property="article:author" content="Coder4nlp">
<meta name="twitter:card" content="summary">


<link rel="canonical" href="http://example.com/2023/08/22/einops%E5%BA%93%E4%BB%8B%E7%BB%8D/">



<script class="next-config" data-name="page" type="application/json">{"sidebar":"","isHome":false,"isPost":true,"lang":"en","comments":true,"permalink":"http://example.com/2023/08/22/einops%E5%BA%93%E4%BB%8B%E7%BB%8D/","path":"2023/08/22/einops库介绍/","title":"einops库介绍"}</script>

<script class="next-config" data-name="calendar" type="application/json">""</script>
<title>einops库介绍 | Coder4nlp's Blog</title>
  








  <noscript>
    <link rel="stylesheet" href="/css/noscript.css">
  </noscript>
</head>

<body itemscope itemtype="http://schema.org/WebPage" class="use-motion">
  <div class="headband"></div>

  <main class="main">
    <div class="column">
      <header class="header" itemscope itemtype="http://schema.org/WPHeader"><div class="site-brand-container">
  <div class="site-nav-toggle">
    <div class="toggle" aria-label="Toggle navigation bar" role="button">
        <span class="toggle-line"></span>
        <span class="toggle-line"></span>
        <span class="toggle-line"></span>
    </div>
  </div>

  <div class="site-meta">

    <a href="/" class="brand" rel="start">
      <i class="logo-line"></i>
      <p class="site-title">Coder4nlp's Blog</p>
      <i class="logo-line"></i>
    </a>
  </div>

  <div class="site-nav-right">
    <div class="toggle popup-trigger" aria-label="Search" role="button">
        <i class="fa fa-search fa-fw fa-lg"></i>
    </div>
  </div>
</div>



<nav class="site-nav">
  <ul class="main-menu menu"><li class="menu-item menu-item-home"><a href="/" rel="section"><i class="fa fa-home fa-fw"></i>Home</a></li><li class="menu-item menu-item-about"><a href="/about/" rel="section"><i class="fa fa-user fa-fw"></i>About</a></li><li class="menu-item menu-item-tags"><a href="/tags/" rel="section"><i class="fa fa-tags fa-fw"></i>Tags</a></li><li class="menu-item menu-item-categories"><a href="/categories/" rel="section"><i class="fa fa-th fa-fw"></i>Categories</a></li><li class="menu-item menu-item-archives"><a href="/archives/" rel="section"><i class="fa fa-archive fa-fw"></i>Archives</a></li><li class="menu-item menu-item-following"><a href="/following/" rel="section"><i class="fa fa-heartbeat fa-fw"></i>following</a></li>
      <li class="menu-item menu-item-search">
        <a role="button" class="popup-trigger"><i class="fa fa-search fa-fw"></i>Search
        </a>
      </li>
  </ul>
</nav>



  <div class="search-pop-overlay">
    <div class="popup search-popup"><div class="search-header">
  <span class="search-icon">
    <i class="fa fa-search"></i>
  </span>
  <div class="search-input-container">
    <input autocomplete="off" autocapitalize="off" maxlength="80"
           placeholder="Searching..." spellcheck="false"
           type="search" class="search-input">
  </div>
  <span class="popup-btn-close" role="button">
    <i class="fa fa-times-circle"></i>
  </span>
</div>
<div class="search-result-container no-result">
  <div class="search-result-icon">
    <i class="fa fa-spinner fa-pulse fa-5x"></i>
  </div>
</div>

    </div>
  </div>

</header>
        
  
  <aside class="sidebar">

    <div class="sidebar-inner sidebar-nav-active sidebar-toc-active">
      <ul class="sidebar-nav">
        <li class="sidebar-nav-toc">
          Table of Contents
        </li>
        <li class="sidebar-nav-overview">
          Overview
        </li>
      </ul>

      <div class="sidebar-panel-container">
        <!--noindex-->
        <div class="post-toc-wrap sidebar-panel">
            <div class="post-toc animated"><ol class="nav"><li class="nav-item nav-level-1"><a class="nav-link" href="#einops%E5%BA%93%E4%BB%8B%E7%BB%8D"><span class="nav-number">1.</span> <span class="nav-text">einops库介绍</span></a><ol class="nav-child"><li class="nav-item nav-level-2"><a class="nav-link" href="#%E4%BB%8B%E7%BB%8D"><span class="nav-number">1.1.</span> <span class="nav-text">介绍</span></a></li><li class="nav-item nav-level-2"><a class="nav-link" href="#%E5%AE%89%E8%A3%85"><span class="nav-number">1.2.</span> <span class="nav-text">安装</span></a></li><li class="nav-item nav-level-2"><a class="nav-link" href="#rearrange"><span class="nav-number">1.3.</span> <span class="nav-text">rearrange</span></a></li><li class="nav-item nav-level-2"><a class="nav-link" href="#reduce"><span class="nav-number">1.4.</span> <span class="nav-text">reduce</span></a></li></ol></li></ol></div>
        </div>
        <!--/noindex-->

        <div class="site-overview-wrap sidebar-panel">
          <div class="site-author animated" itemprop="author" itemscope itemtype="http://schema.org/Person">
  <p class="site-author-name" itemprop="name">Coder4nlp</p>
  <div class="site-description" itemprop="description"></div>
</div>
<div class="site-state-wrap animated">
  <nav class="site-state">
      <div class="site-state-item site-state-posts">
        <a href="/archives/">
          <span class="site-state-item-count">9</span>
          <span class="site-state-item-name">posts</span>
        </a>
      </div>
      <div class="site-state-item site-state-tags">
          <a href="/tags/">
        <span class="site-state-item-count">4</span>
        <span class="site-state-item-name">tags</span></a>
      </div>
  </nav>
</div>

        </div>
      </div>
    </div>

    
  </aside>


    </div>

    <div class="main-inner post posts-expand">


  


<div class="post-block">
  
  

  <article itemscope itemtype="http://schema.org/Article" class="post-content" lang="en">
    <link itemprop="mainEntityOfPage" href="http://example.com/2023/08/22/einops%E5%BA%93%E4%BB%8B%E7%BB%8D/">

    <span hidden itemprop="author" itemscope itemtype="http://schema.org/Person">
      <meta itemprop="image" content="/images/avatar.gif">
      <meta itemprop="name" content="Coder4nlp">
    </span>

    <span hidden itemprop="publisher" itemscope itemtype="http://schema.org/Organization">
      <meta itemprop="name" content="Coder4nlp's Blog">
      <meta itemprop="description" content="">
    </span>

    <span hidden itemprop="post" itemscope itemtype="http://schema.org/CreativeWork">
      <meta itemprop="name" content="einops库介绍 | Coder4nlp's Blog">
      <meta itemprop="description" content="">
    </span>
      <header class="post-header">
        <h1 class="post-title" itemprop="name headline">
          einops库介绍
        </h1>

        <div class="post-meta-container">
          <div class="post-meta">
    <span class="post-meta-item">
      <span class="post-meta-item-icon">
        <i class="far fa-calendar"></i>
      </span>
      <span class="post-meta-item-text">Posted on</span>

      <time title="Created: 2023-08-22 23:44:49" itemprop="dateCreated datePublished" datetime="2023-08-22T23:44:49+08:00">2023-08-22</time>
    </span>
    <span class="post-meta-item">
      <span class="post-meta-item-icon">
        <i class="far fa-calendar-check"></i>
      </span>
      <span class="post-meta-item-text">Edited on</span>
      <time title="Modified: 2023-10-15 23:53:35" itemprop="dateModified" datetime="2023-10-15T23:53:35+08:00">2023-10-15</time>
    </span>

  
    <span class="post-meta-item" title="Views" id="busuanzi_container_page_pv">
      <span class="post-meta-item-icon">
        <i class="far fa-eye"></i>
      </span>
      <span class="post-meta-item-text">Views: </span>
      <span id="busuanzi_value_page_pv"></span>
    </span>
</div>

        </div>
      </header>

    
    
    
    <div class="post-body" itemprop="articleBody">
        <h1 id="einops库介绍"><a href="#einops库介绍" class="headerlink" title="einops库介绍"></a>einops库介绍</h1><h2 id="介绍"><a href="#介绍" class="headerlink" title="介绍"></a>介绍</h2><p>einops是一个灵活且强大的操作张量的库，支持numpy，pytorch，TensorFlow，jax等。下面介绍一些三个常用的函数：rearrange，reduce, repeat。</p>
<h2 id="安装"><a href="#安装" class="headerlink" title="安装"></a>安装</h2><p>使用pip进行安装</p>
<figure class="highlight shell"><table><tr><td class="gutter"><pre><span class="line">1</span><br></pre></td><td class="code"><pre><span class="line">pip install einops</span><br></pre></td></tr></table></figure>

<span id="more"></span>

<h2 id="rearrange"><a href="#rearrange" class="headerlink" title="rearrange"></a>rearrange</h2><p>用于对张量维度的重新组织排序，可替换Pytorch中的reshape，view，transpose和permute等操作。</p>
<p>def rearrange(inputs, pattern, **axes_lengths) 转换inputs </p>
<ul>
<li>inputs (tensor): 表示输入的张量</li>
<li>pattern (str): 表示张量维度变换的映射关系</li>
<li>**axes_lengths: 表示按照指定的规格形式进行变换</li>
</ul>
<figure class="highlight python"><table><tr><td class="gutter"><pre><span class="line">1</span><br><span class="line">2</span><br><span class="line">3</span><br><span class="line">4</span><br><span class="line">5</span><br><span class="line">6</span><br><span class="line">7</span><br><span class="line">8</span><br><span class="line">9</span><br><span class="line">10</span><br><span class="line">11</span><br><span class="line">12</span><br><span class="line">13</span><br><span class="line">14</span><br><span class="line">15</span><br><span class="line">16</span><br><span class="line">17</span><br><span class="line">18</span><br><span class="line">19</span><br><span class="line">20</span><br><span class="line">21</span><br><span class="line">22</span><br><span class="line">23</span><br><span class="line">24</span><br><span class="line">25</span><br><span class="line">26</span><br><span class="line">27</span><br><span class="line">28</span><br><span class="line">29</span><br><span class="line">30</span><br><span class="line">31</span><br><span class="line">32</span><br><span class="line">33</span><br><span class="line">34</span><br><span class="line">35</span><br><span class="line">36</span><br><span class="line">37</span><br><span class="line">38</span><br><span class="line">39</span><br><span class="line">40</span><br><span class="line">41</span><br><span class="line">42</span><br><span class="line">43</span><br><span class="line">44</span><br><span class="line">45</span><br><span class="line">46</span><br><span class="line">47</span><br><span class="line">48</span><br><span class="line">49</span><br><span class="line">50</span><br><span class="line">51</span><br><span class="line">52</span><br><span class="line">53</span><br><span class="line">54</span><br><span class="line">55</span><br><span class="line">56</span><br><span class="line">57</span><br><span class="line">58</span><br><span class="line">59</span><br><span class="line">60</span><br><span class="line">61</span><br><span class="line">62</span><br><span class="line">63</span><br><span class="line">64</span><br><span class="line">65</span><br><span class="line">66</span><br><span class="line">67</span><br></pre></td><td class="code"><pre><span class="line">x = torch.rand(<span class="number">2</span>,<span class="number">3</span>,<span class="number">4</span>,<span class="number">5</span>) <span class="comment"># # shape:[2,3,4,5]</span></span><br><span class="line"><span class="string">&quot;&quot;&quot;tensor([[[[7.3583e-01, 8.8132e-01, 7.5042e-01, 6.0073e-02, 5.1658e-01],</span></span><br><span class="line"><span class="string">          [9.2195e-01, 1.7267e-01, 3.5516e-01, 1.7312e-01, 5.6702e-02],</span></span><br><span class="line"><span class="string">          [4.1464e-01, 7.8160e-01, 1.9855e-01, 2.5987e-01, 4.8159e-02],</span></span><br><span class="line"><span class="string">          [6.4739e-01, 3.2817e-01, 7.8965e-01, 8.3885e-01, 9.7713e-01]],</span></span><br><span class="line"><span class="string"></span></span><br><span class="line"><span class="string">         [[5.6104e-01, 9.0705e-01, 6.2796e-01, 4.8434e-01, 1.3008e-01],</span></span><br><span class="line"><span class="string">          [4.8028e-01, 8.4640e-01, 2.2299e-01, 1.6646e-01, 3.2246e-01],</span></span><br><span class="line"><span class="string">          [5.6090e-01, 2.2387e-01, 5.5233e-01, 9.8023e-01, 8.2715e-01],</span></span><br><span class="line"><span class="string">          [2.8145e-04, 3.3426e-01, 3.3481e-01, 2.5597e-01, 3.8871e-01]],</span></span><br><span class="line"><span class="string"></span></span><br><span class="line"><span class="string">         [[6.0828e-01, 6.6627e-01, 8.4232e-01, 2.3180e-01, 4.4164e-01],</span></span><br><span class="line"><span class="string">          [8.8813e-01, 3.4384e-01, 2.9303e-01, 7.4433e-01, 7.7608e-01],</span></span><br><span class="line"><span class="string">          [9.4652e-01, 4.3120e-01, 5.6858e-01, 3.1444e-02, 3.0593e-01],</span></span><br><span class="line"><span class="string">          [6.5291e-01, 4.1902e-01, 8.8847e-01, 3.5140e-01, 9.6655e-01]]],</span></span><br><span class="line"><span class="string"></span></span><br><span class="line"><span class="string"></span></span><br><span class="line"><span class="string">        [[[6.3584e-01, 7.0123e-01, 3.2156e-01, 4.8972e-01, 9.2589e-01],</span></span><br><span class="line"><span class="string">          [6.6355e-01, 7.4288e-01, 2.3929e-01, 7.5589e-02, 6.2182e-01],</span></span><br><span class="line"><span class="string">          [2.9493e-01, 4.8045e-01, 5.0630e-01, 4.5764e-02, 7.1761e-01],</span></span><br><span class="line"><span class="string">          [6.0717e-02, 7.6304e-01, 6.6417e-01, 2.2472e-01, 4.7651e-01]],</span></span><br><span class="line"><span class="string"></span></span><br><span class="line"><span class="string">         [[1.4037e-01, 1.3692e-02, 6.0491e-01, 3.8362e-02, 3.6310e-02],</span></span><br><span class="line"><span class="string">          [4.9173e-01, 5.2488e-01, 5.3634e-01, 9.5493e-01, 8.2945e-01],</span></span><br><span class="line"><span class="string">          [9.7051e-01, 5.5878e-01, 4.4233e-01, 9.7438e-01, 9.8430e-01],</span></span><br><span class="line"><span class="string">          [2.3281e-01, 2.8178e-01, 1.8327e-01, 7.3072e-01, 2.9559e-01]],</span></span><br><span class="line"><span class="string"></span></span><br><span class="line"><span class="string">         [[5.0112e-01, 2.3173e-01, 3.5388e-01, 2.8602e-01, 6.9028e-03],</span></span><br><span class="line"><span class="string">          [2.3983e-01, 9.9609e-01, 2.8969e-01, 3.2394e-01, 3.5144e-01],</span></span><br><span class="line"><span class="string">          [1.8526e-01, 2.8949e-01, 3.5263e-01, 5.9341e-01, 8.0384e-01],</span></span><br><span class="line"><span class="string">          [9.2112e-01, 2.1679e-01, 7.9035e-01, 3.9351e-01, 2.3241e-01]]]])&quot;&quot;&quot;</span>)</span><br><span class="line"><span class="comment"># 将x的一些维度进行转换</span></span><br><span class="line">y = x.transpose(<span class="number">2</span>, <span class="number">1</span>) <span class="comment"># shape:[2,4,3,5] transpose只有两个参数，transpose(1,2)和transpose(2,1)是相同的。</span></span><br><span class="line"><span class="string">&quot;&quot;&quot;tensor([[[[7.3583e-01, 8.8132e-01, 7.5042e-01, 6.0073e-02, 5.1658e-01],</span></span><br><span class="line"><span class="string">          [5.6104e-01, 9.0705e-01, 6.2796e-01, 4.8434e-01, 1.3008e-01],</span></span><br><span class="line"><span class="string">          [6.0828e-01, 6.6627e-01, 8.4232e-01, 2.3180e-01, 4.4164e-01]],</span></span><br><span class="line"><span class="string"></span></span><br><span class="line"><span class="string">         [[9.2195e-01, 1.7267e-01, 3.5516e-01, 1.7312e-01, 5.6702e-02],</span></span><br><span class="line"><span class="string">          [4.8028e-01, 8.4640e-01, 2.2299e-01, 1.6646e-01, 3.2246e-01],</span></span><br><span class="line"><span class="string">          [8.8813e-01, 3.4384e-01, 2.9303e-01, 7.4433e-01, 7.7608e-01]],</span></span><br><span class="line"><span class="string"></span></span><br><span class="line"><span class="string">         [[4.1464e-01, 7.8160e-01, 1.9855e-01, 2.5987e-01, 4.8159e-02],</span></span><br><span class="line"><span class="string">          [5.6090e-01, 2.2387e-01, 5.5233e-01, 9.8023e-01, 8.2715e-01],</span></span><br><span class="line"><span class="string">          [9.4652e-01, 4.3120e-01, 5.6858e-01, 3.1444e-02, 3.0593e-01]],</span></span><br><span class="line"><span class="string"></span></span><br><span class="line"><span class="string">         [[6.4739e-01, 3.2817e-01, 7.8965e-01, 8.3885e-01, 9.7713e-01],</span></span><br><span class="line"><span class="string">          [2.8145e-04, 3.3426e-01, 3.3481e-01, 2.5597e-01, 3.8871e-01],</span></span><br><span class="line"><span class="string">          [6.5291e-01, 4.1902e-01, 8.8847e-01, 3.5140e-01, 9.6655e-01]]],</span></span><br><span class="line"><span class="string"></span></span><br><span class="line"><span class="string"></span></span><br><span class="line"><span class="string">        [[[6.3584e-01, 7.0123e-01, 3.2156e-01, 4.8972e-01, 9.2589e-01],</span></span><br><span class="line"><span class="string">          [1.4037e-01, 1.3692e-02, 6.0491e-01, 3.8362e-02, 3.6310e-02],</span></span><br><span class="line"><span class="string">          [5.0112e-01, 2.3173e-01, 3.5388e-01, 2.8602e-01, 6.9028e-03]],</span></span><br><span class="line"><span class="string"></span></span><br><span class="line"><span class="string">         [[6.6355e-01, 7.4288e-01, 2.3929e-01, 7.5589e-02, 6.2182e-01],</span></span><br><span class="line"><span class="string">          [4.9173e-01, 5.2488e-01, 5.3634e-01, 9.5493e-01, 8.2945e-01],</span></span><br><span class="line"><span class="string">          [2.3983e-01, 9.9609e-01, 2.8969e-01, 3.2394e-01, 3.5144e-01]],</span></span><br><span class="line"><span class="string"></span></span><br><span class="line"><span class="string">         [[2.9493e-01, 4.8045e-01, 5.0630e-01, 4.5764e-02, 7.1761e-01],</span></span><br><span class="line"><span class="string">          [9.7051e-01, 5.5878e-01, 4.4233e-01, 9.7438e-01, 9.8430e-01],</span></span><br><span class="line"><span class="string">          [1.8526e-01, 2.8949e-01, 3.5263e-01, 5.9341e-01, 8.0384e-01]],</span></span><br><span class="line"><span class="string"></span></span><br><span class="line"><span class="string">         [[6.0717e-02, 7.6304e-01, 6.6417e-01, 2.2472e-01, 4.7651e-01],</span></span><br><span class="line"><span class="string">          [2.3281e-01, 2.8178e-01, 1.8327e-01, 7.3072e-01, 2.9559e-01],</span></span><br><span class="line"><span class="string">          [9.2112e-01, 2.1679e-01, 7.9035e-01, 3.9351e-01, 2.3241e-01]]]])&quot;&quot;&quot;</span></span><br><span class="line"><span class="comment"># 使用rearrange操作</span></span><br><span class="line">y = rearrange(x, <span class="string">&#x27;b c h w -&gt; b h w c&#x27;</span>)</span><br></pre></td></tr></table></figure>

<h2 id="reduce"><a href="#reduce" class="headerlink" title="reduce"></a>reduce</h2><p>def repeat(inputs, pattern,  **axes_lengths)</p>
<ul>
<li>inputs (tensor): 表示输入的张量</li>
<li>pattern (str): 表示张量按照某个维度复制的映射关系</li>
<li>**axes_lengths: 表示按照指定的规格形式进行复制</li>
</ul>
<figure class="highlight python"><table><tr><td class="gutter"><pre><span class="line">1</span><br><span class="line">2</span><br><span class="line">3</span><br><span class="line">4</span><br><span class="line">5</span><br><span class="line">6</span><br></pre></td><td class="code"><pre><span class="line">x = np.random.randn(<span class="number">100</span>, <span class="number">32</span>, <span class="number">64</span>)</span><br><span class="line"><span class="comment"># perform max-reduction on the first axis</span></span><br><span class="line"><span class="meta">&gt;&gt;&gt; </span>y = reduce(x, <span class="string">&#x27;t b c -&gt; b c&#x27;</span>, <span class="string">&#x27;max&#x27;</span>)</span><br><span class="line"><span class="comment"># same as previous, but with clearer axes meaning</span></span><br><span class="line"><span class="meta">&gt;&gt;&gt; </span>y = reduce(x, <span class="string">&#x27;time batch channel -&gt; batch channel&#x27;</span>, <span class="string">&#x27;max&#x27;</span>)</span><br><span class="line"></span><br></pre></td></tr></table></figure>


    </div>

    
    
    

    <footer class="post-footer">

        

          <div class="post-nav">
            <div class="post-nav-item">
                <a href="/2023/04/23/Python%E4%B8%AD%E7%9A%84ChainMap/" rel="prev" title="Python中的ChainMap">
                  <i class="fa fa-chevron-left"></i> Python中的ChainMap
                </a>
            </div>
            <div class="post-nav-item">
                <a href="/2023/10/15/Pytorch%E4%B8%AD%E7%9A%84data%E5%92%8Cdetach%E5%AF%B9%E6%AF%94/" rel="next" title="Pytorch中的data和detach对比">
                  Pytorch中的data和detach对比 <i class="fa fa-chevron-right"></i>
                </a>
            </div>
          </div>
    </footer>
  </article>
</div>






</div>
  </main>

  <footer class="footer">
    <div class="footer-inner">


<div class="copyright">
  &copy; 
  <span itemprop="copyrightYear">2023</span>
  <span class="with-love">
    <i class="fa fa-heart"></i>
  </span>
  <span class="author" itemprop="copyrightHolder">Coder4nlp</span>
</div>
<div class="busuanzi-count">
    <span class="post-meta-item" id="busuanzi_container_site_uv">
      <span class="post-meta-item-icon">
        <i class="fa fa-user"></i>
      </span>
      <span class="site-uv" title="Total Visitors">
        <span id="busuanzi_value_site_uv"></span>
      </span>
    </span>
    <span class="post-meta-item" id="busuanzi_container_site_pv">
      <span class="post-meta-item-icon">
        <i class="fa fa-eye"></i>
      </span>
      <span class="site-pv" title="Total Views">
        <span id="busuanzi_value_site_pv"></span>
      </span>
    </span>
</div>
  <div class="powered-by">Powered by <a href="https://hexo.io/" rel="noopener" target="_blank">Hexo</a> & <a href="https://theme-next.js.org/" rel="noopener" target="_blank">NexT.Gemini</a>
  </div>

    </div>
  </footer>

  
  <div class="back-to-top" role="button" aria-label="Back to top">
    <i class="fa fa-arrow-up fa-lg"></i>
    <span>0%</span>
  </div>

<noscript>
  <div class="noscript-warning">Theme NexT works best with JavaScript enabled</div>
</noscript>


  
  <script src="https://cdnjs.cloudflare.com/ajax/libs/animejs/3.2.1/anime.min.js" integrity="sha256-XL2inqUJaslATFnHdJOi9GfQ60on8Wx1C2H8DYiN1xY=" crossorigin="anonymous"></script>
<script src="/js/comments.js"></script><script src="/js/utils.js"></script><script src="/js/motion.js"></script><script src="/js/next-boot.js"></script>

  <script src="https://cdnjs.cloudflare.com/ajax/libs/hexo-generator-searchdb/1.4.1/search.js" integrity="sha256-1kfA5uHPf65M5cphT2dvymhkuyHPQp5A53EGZOnOLmc=" crossorigin="anonymous"></script>
<script src="/js/third-party/search/local-search.js"></script>




  <script src="/js/third-party/pace.js"></script>

  
  <script async src="https://busuanzi.ibruce.info/busuanzi/2.3/busuanzi.pure.mini.js"></script>




  

  <script class="next-config" data-name="enableMath" type="application/json">false</script><script class="next-config" data-name="mathjax" type="application/json">{"enable":true,"tags":"none","js":{"url":"https://cdnjs.cloudflare.com/ajax/libs/mathjax/3.2.2/es5/tex-mml-chtml.js","integrity":"sha256-MASABpB4tYktI2Oitl4t+78w/lyA+D7b/s9GEP0JOGI="}}</script>
<script src="/js/third-party/math/mathjax.js"></script>



</body>
</html>
